1	247249719	170452692	/gbdb/hg18/nib/chr1.nib
2	242951149	187281734	/gbdb/hg18/nib/chr2.nib
3	199501827	155032628	/gbdb/hg18/nib/chr3.nib
4	191273063	147760973	/gbdb/hg18/nib/chr4.nib
5	180857866	138789433	/gbdb/hg18/nib/chr5.nib
6	170899992	131491581	/gbdb/hg18/nib/chr6.nib
7	158821424	114715244	/gbdb/hg18/nib/chr7.nib
8	146274826	113343445	/gbdb/hg18/nib/chr8.nib
9	140273252	85922590	/gbdb/hg18/nib/chr9.nib
10	135374737	100501686	/gbdb/hg18/nib/chr10.nib
11	134452384	101324364	/gbdb/hg18/nib/chr11.nib
12	132349534	101037168	/gbdb/hg18/nib/chr12.nib
13	114142980	77491547	/gbdb/hg18/nib/chr13.nib
14	106368585	68731905	/gbdb/hg18/nib/chr14.nib
15	100338915	59968751	/gbdb/hg18/nib/chr15.nib
16	88827254	56542775	/gbdb/hg18/nib/chr16.nib
17	78774742	55096875	/gbdb/hg18/nib/chr17.nib
18	76117153	60875871	/gbdb/hg18/nib/chr18.nib
19	63811651	35448605	/gbdb/hg18/nib/chr19.nib
20	62435964	47554952	/gbdb/hg18/nib/chr20.nib
21	46944323	26687837	/gbdb/hg18/nib/chr21.nib
22	49691432	24645514	/gbdb/hg18/nib/chr22.nib
23	154913754	102680008	/gbdb/hg18/nib/chrX.nib
Y	57772954	0	/gbdb/hg18/nib/chrY.nib
M	16571	4472	/gbdb/hg18/nib/chrM.nib
